Lab1,Lab2,Lab3
13.4,27.9,96
16.7,26.5,109
14.8,25.2,96
14.9,28.7,122
14.2,27.2,89
13.0,25.8,102
14.3,24.7,123
13.2,32.2,70
13.6,30.6,102
15.1,27.3,112
16.2,30.2,112
12.3,26.8,106
17.0,30.3,124
12.0,28.8,93
12.9,26.1,96
13.7,28.3,87
13.9,29.3,78
13.5,28.6,91
15.3,30.3,103
13.7,26.0,112
12.7,27.9,86
14.2,25.6,131
15.6,30.2,111
16.2,28.2,96
17.0,26.9,97
13.1,20.2,86
14.1,29.3,109
13.0,29.0,100
11.5,26.6,110
14.7,26.3,90
12.6,31.6,84
12.3,28.4,115
13.0,27.3,90
13.1,24.9,123
13.2,25.8,120
11.8,27.1,89
16.4,29.7,109
14.0,23.0,105
11.9,26.0,94
15.1,25.9,79
16.8,28.8,102
11.7,27.8,83
14.9,27.4,115
13.0,29.1,80
16.6,24.4,119
14.2,23.4,90
11.3,28.1,79
13.8,31.8,97
15.6,25.8,106
13.2,24.2,105
11.1,25.9,82
12.3,25.1,115
14.4,28.0,75
13.7,25.8,114
13.3,24.7,85
17.4,29.3,101
14.3,25.5,82
14.4,29.4,99
15.1,30.5,99
14.0,23.8,102
14.4,26.6,101
15.4,22.1,86
13.2,30.7,103
11.9,26.5,102
14.0,26.8,125
13.3,22.3,104
16.4,29.8,79
14.3,23.5,98
18.0,23.6,105
13.2,26.1,118
12.0,23.8,86
12.5,29.6,108
15.7,30.5,120
14.5,27.4,105
13.3,29.7,68
14.2,23.4,89
12.2,23.9,99
14.1,26.3,128
15.9,28.2,128
16.0,31.8,97
14.4,24.9,110
16.4,27.0,96
13.2,29.0,101
13.3,31.0,85
12.5,31.4,116
14.2,28.4,69
16.6,26.0,95
18.0,30.1,105
15.1,26.5,100
11.3,28.2,125
15.9,26.7,83
16.9,28.7,120
16.1,29.4,78
14.4,25.3,91
17.0,29.6,89
14.6,27.6,115
15.3,26.6,75
13.8,26.4,114
14.8,27.4,114
13.5,26.2,111
16.1,29.8,87
11.5,27.7,101
19.2,28.6,91
13.2,31.2,79
13.9,26.4,122
15.6,22.9,100
15.3,27.3,66
13.6,29.0,113
16.8,29.4,104
15.8,24.6,100
16.6,25.7,101
17.1,24.6,77
11.9,26.8,78
14.0,26.6,99
13.9,26.6,95
16.7,25.7,88
11.5,26.6,78
15.6,25.8,88
15.8,28.7,85
13.2,24.8,109
17.0,25.5,107
13.5,28.3,91
16.3,22.4,109
14.0,27.7,117
13.6,31.0,113
13.4,30.2,94
14.7,26.6,134
18.3,26.0,92
13.9,28.7,104
16.3,29.8,89
11.0,24.2,91
15.2,29.9,96
12.8,28.7,112
14.1,29.3,116
15.6,24.3,106
14.9,27.7,118
16.2,29.6,108
13.9,30.3,106
14.1,29.9,87
12.2,25.3,96
17.0,23.5,100
14.4,28.9,108
17.1,31.0,128
15.4,28.7,106
14.8,32.6,117
16.3,25.5,93
13.0,26.1,113
14.1,25.8,79
15.4,29.3,83
15.0,24.3,70
16.4,25.0,94
10.5,30.1,92
14.2,23.6,110
14.5,27.6,96
11.9,27.2,110
17.4,28.9,81
16.4,24.6,87
15.3,29.9,121
16.5,27.9,107
11.7,27.6,96
16.0,29.0,82
13.1,27.2,97
12.2,24.7,101
15.2,28.7,73
10.9,25.4,98
15.2,27.7,64
16.0,28.0,97
12.5,24.3,87
13.6,30.8,86
15.7,27.9,119
13.3,28.6,100
12.3,29.8,130
17.5,28.2,105
12.4,29.5,84
11.6,31.6,122
15.3,24.6,72
11.5,30.7,85
11.5,29.8,107
16.1,27.7,103
16.5,25.7,70
13.5,24.7,110
16.4,22.6,109
15.0,30.4,116
14.3,26.2,66
13.1,26.7,79
13.0,21.9,100
12.2,26.0,89
13.5,30.0,77
15.9,27.6,111
14.9,25.0,94
13.8,24.3,100
12.9,24.3,87
14.3,29.5,112
12.3,29.7,120
13.3,26.8,86
15.3,23.4,120
14.0,25.9,121
12.3,28.3,99
14.7,25.1,97
13.1,29.7,118
12.7,28.6,105
15.2,30.6,107
10.9,25.4,109
15.2,31.8,103
18.6,26.4,132
11.5,25.1,101
17.1,28.1,83
15.3,26.6,82
10.6,26.7,102
12.0,23.8,89
15.3,28.4,110
13.2,26.2,93
17.1,27.7,68
14.8,30.1,93
14.7,27.9,72
13.3,27.4,118
15.2,29.3,118
14.5,30.0,84
18.2,27.7,90
15.3,27.3,91
14.1,31.4,111
14.3,28.0,108
13.8,25.5,104
15.7,30.8,107
15.8,24.7,115
14.9,24.5,88
16.2,24.1,129
14.8,28.3,72
12.8,26.4,99
17.8,27.6,103
13.2,29.5,111
14.5,26.4,80
15.5,27.1,103
17.1,28.0,120
15.3,25.2,92
16.6,28.2,95
15.7,30.7,113
13.6,29.0,81
13.4,32.1,126
14.7,28.2,78
15.6,25.7,80
12.9,24.1,126
12.0,25.7,97
13.1,26.7,103
14.2,25.2,92
12.6,29.7,88
16.8,28.7,77
11.7,30.7,123
11.3,29.6,104
13.8,29.7,77
16.5,28.9,106
14.2,27.6,127
12.3,28.9,103
17.7,24.4,114
14.5,33.0,81
15.4,23.8,87
14.2,31.7,113
14.0,26.5,87
14.7,22.1,87
12.8,26.0,88
17.8,27.0,67
14.2,24.1,84
16.0,22.6,108
14.1,24.6,92
12.0,23.0,74
12.9,28.0,117
15.1,27.9,101
14.6,26.3,87
15.3,31.8,74
15.8,27.5,90
14.4,25.8,98
14.2,28.7,115
13.5,30.7,102
14.7,24.7,99
13.5,22.7,88
12.8,26.7,95
12.8,26.4,99
16.9,25.4,137
17.0,32.3,112
9.8,22.4,123
13.2,27.4,102
14.1,27.3,95
13.3,25.2,91
15.9,28.7,83
15.5,29.0,115
16.0,27.2,128
13.9,28.9,117
16.4,28.7,118
10.6,25.8,88
15.3,29.0,111
12.9,30.0,94
14.4,28.6,102
15.6,23.7,70
17.4,25.6,124
16.3,27.5,113
14.1,27.3,97
17.8,26.6,97
15.1,29.7,107
16.0,29.6,81
14.1,28.0,99
16.9,29.4,107
13.9,26.4,127
10.6,26.6,84
17.2,29.1,95
15.6,31.7,93
13.6,25.8,107
13.5,25.2,123
15.2,31.7,110
18.3,28.9,121
15.9,21.2,122
17.8,27.2,120
15.4,26.1,95
12.5,25.7,131
12.0,26.6,101
16.6,28.0,117
13.2,28.2,114
17.8,30.7,80
11.2,24.4,85
17.1,27.0,127
11.6,31.4,110
14.4,26.5,108
15.0,32.5,96
11.0,24.6,125
13.1,26.7,114
13.9,27.1,89
14.4,33.7,127
16.7,28.7,92
13.4,26.5,119
15.0,26.6,80
14.3,32.7,80
14.3,27.3,88
14.5,30.8,109
14.2,22.3,105
16.1,27.5,112
13.9,29.6,90
11.7,25.4,100
14.3,21.4,68
10.6,26.5,105
16.6,25.5,103
12.3,23.8,107
16.8,27.9,96
16.3,32.1,73
18.1,23.0,136
14.3,27.0,84
12.6,25.2,75
13.8,25.6,119
11.9,26.8,102
14.7,29.3,98
14.2,27.2,126
11.0,28.7,110
17.2,29.4,119
14.5,25.5,142
10.6,27.3,89
15.6,27.6,95
15.0,25.4,104
17.2,30.5,94
18.7,28.4,121
16.4,23.7,108
13.9,32.3,105
15.8,26.3,89
13.5,30.2,72
12.1,28.5,92
12.5,26.0,108
15.6,25.3,104
14.7,31.0,71
12.3,26.2,119
12.9,27.0,130
14.3,24.6,83
15.1,29.4,85
16.0,26.9,84
16.2,27.8,81
16.7,30.3,99
10.7,28.7,88
16.7,29.0,91
11.9,27.5,126
16.4,26.8,126
11.4,29.4,117
15.8,29.3,117
15.0,27.4,98
12.4,35.1,101
12.6,31.4,81
17.0,24.1,88
12.1,30.2,110
13.9,29.0,73
13.0,22.7,95
15.2,25.4,119
15.6,27.0,110
13.9,30.6,76
13.2,28.3,65
14.6,26.4,129
14.6,27.4,77
14.3,21.3,81
18.4,25.9,111
13.4,23.7,109
16.2,29.9,105
13.7,26.5,87
13.1,30.4,82
13.6,26.5,107
11.2,26.6,96
12.4,26.1,128
13.6,30.7,94
10.7,30.7,107
15.6,28.9,84
13.6,25.3,101
14.7,27.0,121
15.5,31.3,112
14.1,27.5,110
15.5,27.6,106
18.5,24.6,124
15.2,27.0,99
15.6,26.7,98
14.0,29.3,100
16.8,21.8,120
15.1,28.4,95
14.7,25.6,101
12.9,28.9,98
16.7,26.0,106
13.1,25.0,119
12.4,25.8,87
13.8,27.3,100
12.5,24.1,108
15.1,25.3,105
12.6,26.3,82
15.5,27.6,76
12.1,26.8,116
14.2,23.4,96
15.6,25.1,100
15.8,29.1,57
12.8,25.7,111
14.0,28.4,109
15.3,25.6,83
18.4,29.7,99
12.6,23.4,113
13.6,28.6,114
14.9,27.2,84
13.2,27.2,128
11.1,29.9,98
16.1,25.3,94
9.1,29.1,106
15.6,29.6,101
16.4,25.8,102
14.5,31.9,109
12.0,26.9,62
12.6,23.7,118
16.8,21.6,91
15.9,27.1,99
15.2,29.0,121
12.4,28.9,89
15.2,28.6,77
16.5,30.2,112
14.7,25.1,92
16.1,26.1,89
15.2,26.5,109
13.1,31.2,94
14.0,29.3,104
16.3,22.0,79
12.6,30.0,117
14.2,25.1,102
12.3,31.2,103
13.7,24.2,120
12.5,29.5,122
14.5,27.8,120
13.8,25.7,97
15.0,28.8,77
15.9,26.0,110
15.8,23.3,101
13.4,26.3,95
13.9,25.0,80
17.1,28.3,78
16.7,31.4,117
15.7,30.4,102
12.6,29.5,92
12.9,25.4,92
14.6,31.4,99
14.7,26.5,120
17.8,25.9,79
16.9,24.2,72
15.9,31.3,80
14.0,32.8,96
12.3,23.9,106
11.9,27.7,133
14.8,28.5,105
12.0,27.8,117
14.1,30.9,110
18.3,23.4,101
11.2,27.6,77
11.3,26.4,129
14.4,23.1,119
15.3,26.4,86
14.2,23.3,92
12.3,24.6,92
15.5,30.6,89
16.2,27.7,81
16.6,27.6,86
15.1,27.8,115
13.0,27.6,97
16.3,24.4,72
14.0,23.9,106
11.9,27.8,129
15.9,23.3,100
15.9,30.8,121
14.5,27.3,75
14.1,29.7,89
16.0,25.7,71
13.0,25.3,84
13.6,28.1,86
15.4,27.6,108
13.7,28.9,100
12.3,28.4,97
13.2,26.5,79
12.6,26.8,105
9.7,28.1,108
13.5,27.6,74
12.3,27.9,88
14.1,27.5,107
13.5,26.1,118
13.8,29.5,64
12.6,31.4,101
13.3,24.0,110
10.3,25.1,117
14.8,27.6,106
11.7,26.7,118
15.0,24.5,82
13.8,30.1,75
13.0,28.8,102
14.1,29.0,97
14.0,31.0,105
13.6,29.2,95
17.0,23.9,85
16.2,26.2,121
11.2,28.3,96
13.9,23.7,68
17.3,27.5,92
15.9,27.8,120
15.7,26.7,123
12.9,26.6,85
16.3,29.3,128
15.1,26.0,69
15.4,27.3,132
16.3,29.6,97
15.0,29.0,79
14.8,26.1,97
14.0,27.8,82
12.1,28.2,71
12.3,27.9,92
14.9,27.7,116
11.7,28.2,93
14.0,25.6,110
16.7,33.6,88
11.5,24.8,81
13.7,25.3,88
14.6,26.1,88
13.8,28.8,120
14.9,29.4,116
12.7,28.7,79
15.8,23.5,99
12.2,26.3,109
15.2,28.3,77
14.4,30.2,109
15.3,29.6,109
11.5,25.0,75
14.4,27.8,90
16.0,26.4,97
15.6,22.9,90
12.0,28.3,116
15.6,25.4,71
16.2,25.8,113
15.5,27.5,98
14.6,30.8,106
11.0,25.0,72
17.7,25.3,105
17.3,25.0,79
12.8,25.3,92
16.2,23.8,88
17.3,31.2,99
10.7,30.3,80
15.3,24.3,103
15.6,26.6,58
13.8,28.5,109
14.8,23.0,83
14.0,30.6,94
13.1,28.4,93
12.2,26.0,102
12.0,24.8,78
13.3,28.0,121
18.0,27.5,108
15.6,29.2,111
11.4,25.2,77
15.9,25.8,96
15.6,25.4,98
12.4,25.5,109
12.2,25.6,80
15.3,28.9,100
16.1,23.7,113
14.0,27.4,84
16.4,28.4,111
18.0,26.6,92
17.3,26.0,78
12.9,27.2,106
11.9,27.0,87
17.1,29.1,118
12.5,27.2,85
14.1,31.1,79
13.7,27.6,109
13.9,28.6,103
12.6,24.0,110
13.7,27.9,85
11.3,26.8,111
15.8,25.2,132
12.7,28.1,93
15.9,28.2,90
15.7,32.8,101
16.4,31.2,84
16.3,27.3,88
14.0,26.0,91
14.9,25.2,104
11.1,24.5,128
12.9,28.1,98
16.6,25.0,115
16.2,27.6,90
15.5,28.3,80
15.6,28.6,77
12.5,29.5,86
14.9,28.6,99
13.8,26.4,75
12.7,30.8,90
16.7,23.1,129
15.5,23.1,94
15.9,35.1,93
13.0,26.5,97
16.7,28.0,93
15.6,26.9,101
14.9,27.7,99
11.6,25.7,64
14.4,27.7,96
14.3,29.8,126
13.8,28.4,114
12.8,29.2,118
14.8,31.5,98
17.2,33.6,67
16.2,27.3,92
13.8,27.3,110
18.1,29.9,113
15.7,27.6,117
15.1,29.4,107
16.6,27.1,109
13.5,28.0,129
12.6,25.6,64
14.2,29.8,102
16.9,30.7,87
10.8,24.2,122
13.1,25.0,108
15.6,26.3,85
15.4,28.0,106
13.5,31.1,116
14.3,29.2,98
14.1,24.6,114
14.7,25.7,112
15.0,31.7,113
14.7,26.8,83
15.4,27.7,121
13.3,30.1,91
14.7,27.3,79
16.8,24.4,96
11.6,24.3,119
12.1,22.4,86
17.2,25.0,120
13.0,25.7,103
15.4,26.5,90
13.6,28.3,98
14.3,28.2,108
11.4,27.4,122
14.4,30.6,83
14.7,27.1,87
14.2,28.1,96
14.3,27.5,99
14.1,28.5,118
18.5,26.7,99
15.5,21.7,96
14.0,25.3,75
14.0,25.2,96
14.9,32.3,95
17.0,27.0,84
13.8,25.5,86
13.0,26.4,130
15.5,25.4,75
13.8,25.0,113
17.4,24.9,100
12.1,26.8,75
12.4,31.3,96
14.2,27.1,92
12.9,25.4,95
16.4,30.1,91
14.6,31.8,128
14.4,28.6,117
16.3,28.4,74
12.1,27.5,86
13.2,27.9,94
15.4,30.9,95
14.8,24.7,95
11.4,31.0,91
15.8,27.8,59
11.1,27.0,98
17.0,23.5,64
15.6,25.2,88
15.8,25.8,100
11.9,26.2,78
14.3,33.9,85
15.4,27.2,115
13.0,23.7,95
12.1,27.4,94
15.3,28.1,89
14.6,24.4,95
13.1,23.5,71
16.0,24.4,93
13.8,30.6,127
15.1,24.8,110
14.3,25.4,104
15.2,26.1,67
13.6,28.8,98
15.5,26.9,118
14.3,31.2,107
16.5,23.0,108
14.0,24.9,126
15.6,25.0,111
15.0,26.5,117
16.4,24.0,121
14.0,28.1,91
16.7,27.4,105
14.6,28.6,90
14.7,25.5,101
15.9,27.6,98
10.7,26.6,123
15.6,23.2,108
15.3,29.8,89
12.6,27.2,84
17.8,31.7,104
13.0,28.8,112
15.0,28.7,119
13.9,28.4,103
15.3,25.1,97
11.5,27.1,99
15.5,23.3,77
15.8,25.3,109
12.9,30.0,87
12.4,28.5,98
12.1,31.0,101
14.6,23.6,104
17.2,29.0,89
12.9,31.7,82
15.1,28.9,96
13.9,27.0,128
16.0,24.2,111
12.9,27.9,106
13.7,28.0,52
14.9,23.3,79
15.0,30.2,91
10.1,23.1,88
13.6,26.3,131
13.1,26.3,79
13.1,22.9,85
15.4,27.9,102
13.9,28.8,80
13.3,26.5,87
14.8,26.6,110
15.6,24.6,90
18.7,31.7,113
12.9,26.6,95
14.3,26.9,95
17.3,29.3,85
15.7,28.6,123
14.1,24.5,121
12.3,27.7,81
15.8,28.7,97
14.3,27.8,75
17.6,26.7,104
12.4,26.4,124
17.4,27.4,81
14.9,28.8,78
13.5,28.3,102
14.6,25.2,112
15.7,29.4,119
13.1,30.4,109
12.3,26.8,67
16.7,28.5,132
15.2,28.1,75
12.7,31.4,86
14.0,30.1,83
11.5,29.6,106
13.9,24.4,121
12.5,25.1,85
16.0,31.9,107
14.3,28.4,118
12.5,26.3,114
14.8,26.0,96
11.6,26.6,97
14.1,31.1,121
17.2,26.8,94
16.4,26.2,115
15.6,32.4,91
16.6,29.2,79
13.8,28.6,129
15.4,27.8,84
16.7,28.8,116
12.7,30.5,102
16.0,29.7,105
16.3,26.1,108
16.3,24.1,88
14.6,25.9,76
16.6,27.7,91
14.6,27.6,106
11.8,25.9,93
10.6,26.7,90
14.0,25.9,121
14.9,31.8,77
14.1,30.6,89
15.0,25.7,86
12.5,25.9,102
13.3,28.5,112
14.7,30.8,105
15.9,29.3,107
14.1,28.0,110
13.8,30.8,107
12.5,32.9,87
15.8,25.8,83
14.7,28.3,110
12.0,28.6,125
16.0,30.3,80
16.5,30.3,102
12.7,30.9,121
14.8,26.0,123
13.6,31.1,104
14.0,27.9,67
13.2,27.6,104
12.6,27.8,84
12.7,25.9,86
16.5,27.3,115
14.5,30.7,133
11.3,33.5,123
13.2,30.8,98
15.7,29.2,114
9.4,26.5,130
15.8,27.6,96
15.8,23.8,109
17.0,24.8,85
14.9,26.6,114
13.9,27.1,124
15.9,29.0,94
16.6,26.4,84
16.0,26.8,90
14.4,27.1,116
12.7,31.6,96
12.0,28.3,103
15.3,29.7,110
13.4,24.1,88
16.9,26.3,109
15.5,24.2,83
16.4,28.6,121
13.4,28.2,84
11.9,26.2,74
14.7,28.3,119
11.5,27.6,102
15.6,26.6,84
13.5,31.8,113
14.2,30.7,116
12.4,28.9,96
14.9,23.8,108
16.3,28.6,102
10.7,23.6,99
15.6,27.0,79
15.4,27.8,80
16.0,27.5,104
13.3,27.8,89
16.1,26.5,105
14.0,28.4,105
11.2,27.9,80
11.7,28.4,107
15.9,26.2,103
11.2,29.4,113
11.9,29.9,85
15.3,29.0,82
16.6,22.4,93
14.2,30.2,78
13.8,23.4,80
16.7,23.3,99
11.1,27.9,106
14.0,31.5,109
19.2,31.3,68
12.6,28.0,115
15.4,30.3,90
16.2,25.9,97
14.9,27.1,88
13.0,21.7,108
17.6,21.6,118
13.2,28.4,93
12.9,29.5,93
12.3,25.8,89
13.9,22.4,98
14.6,29.5,109
15.9,27.1,88
15.6,27.5,84
14.9,23.4,91
15.1,26.9,98
12.7,26.5,93
14.3,29.9,77
12.1,31.3,109
12.3,29.5,104
16.5,27.9,79
14.4,30.2,60
13.9,26.7,71
17.2,26.8,72
14.6,33.1,74
13.2,26.3,100
15.1,29.3,102
15.1,24.8,103
14.4,30.7,134
14.9,25.4,89
14.8,33.0,103
16.1,24.5,77
15.8,32.9,113
16.8,26.9,95
11.7,22.6,84
13.9,29.1,108
14.9,24.3,99
17.0,25.5,113
15.7,29.2,66
15.3,27.4,123
16.0,28.5,84
16.5,25.0,102
14.9,24.1,120
14.0,29.2,125
14.1,24.8,119
13.8,27.4,112
14.5,30.7,87
12.8,30.1,124
14.6,30.9,120
17.2,29.0,91
11.6,26.0,86
15.6,30.2,102
14.2,24.9,100
11.6,27.9,107
15.1,27.9,128
14.1,28.0,83
13.0,27.0,115
15.5,30.6,111
15.2,27.1,115
12.2,26.7,102
12.1,23.6,84
14.7,24.9,95
17.7,28.1,105
14.1,29.8,113
16.5,28.7,113
13.4,27.8,119
12.4,29.6,112
13.5,25.8,84
15.8,30.7,101
14.5,26.2,115
14.4,26.8,104
12.0,26.2,108
14.6,28.2,97
13.3,30.9,85
15.7,26.0,97
13.7,28.4,101
16.9,25.6,92
13.1,31.8,103
14.0,28.6,73
17.4,31.4,91
13.8,27.1,80
11.6,25.8,126
15.2,28.6,103
11.9,29.5,112
14.2,27.6,117
14.9,27.7,113
16.2,24.7,115
14.2,25.8,83
17.2,27.8,111
15.8,29.5,88
15.2,29.0,105
18.6,23.9,99
14.7,30.9,104
12.7,28.0,134
15.6,28.3,95
14.9,27.2,96
17.9,27.2,76
12.7,29.0,95
16.7,28.2,87
17.4,27.6,88
10.7,25.5,105
11.2,23.8,96
12.0,28.2,105
15.2,27.7,97
15.5,28.2,83
17.1,29.9,93
12.9,27.6,121
15.0,24.9,80
14.1,27.7,67
16.2,24.2,86
14.1,27.3,98
13.9,25.8,114
12.1,29.9,109
15.7,25.6,100
13.9,28.0,91
15.2,29.2,138
13.7,27.2,102
13.6,25.2,84
14.0,25.4,133
13.0,26.8,86
17.0,25.9,150
13.7,25.6,88
15.9,27.6,94
15.3,29.0,88
15.5,30.9,106
17.4,26.4,102
17.0,24.4,119
13.1,33.2,98
14.3,32.2,98
14.0,24.2,87
14.0,22.4,104
14.5,22.6,80
14.7,27.3,88
13.3,27.3,73
12.5,30.8,107
18.0,24.2,113
15.8,27.8,90
14.9,27.3,102
14.8,27.5,70
17.9,26.5,126
13.2,31.7,89
12.3,30.3,95
17.5,26.5,120
14.9,27.5,89
13.2,24.9,131
13.4,25.2,111
11.9,23.6,110
14.0,24.6,117
14.3,28.4,97
12.7,27.6,108
16.3,26.5,101
14.9,28.8,107
15.9,28.3,112
17.3,30.1,81
13.7,25.3,117
14.7,24.9,94
15.9,27.2,108
12.6,25.1,102
16.2,27.1,106
16.5,25.1,80
12.7,27.1,98
13.4,24.9,118
16.7,29.3,99
14.5,31.4,110
12.9,26.6,111
15.1,30.4,111
14.5,24.0,83
17.2,26.3,87
15.8,31.0,75
15.7,29.3,88
16.2,30.3,101
15.7,21.1,95
17.1,28.0,105
16.5,27.3,111
15.3,28.4,86
18.5,28.4,108
13.2,24.8,93
12.9,27.3,122
12.4,30.5,91
13.0,24.1,118
13.1,28.2,114
13.8,24.3,115
14.1,26.7,83
14.3,27.2,92
12.9,26.0,116
15.2,28.8,96
12.6,32.7,81
12.3,25.6,87
12.0,28.9,90
15.5,24.9,104
14.4,32.3,74
14.9,27.6,130
14.0,26.8,110
16.1,31.0,79
13.9,30.0,111
11.9,27.3,115
17.4,25.4,92
15.4,29.3,80
12.1,32.9,107
12.0,28.0,74
13.7,31.4,111
14.3,23.2,107
13.6,26.3,101
14.4,24.6,119
12.8,27.0,86
9.6,25.8,119
13.8,25.8,101
12.6,29.2,84
14.5,28.3,107
16.4,30.8,102
12.4,24.2,119
15.9,26.4,119
17.9,23.6,99
14.0,25.6,88
12.1,22.3,77
14.1,29.1,99
14.4,30.3,85
12.3,24.5,102
14.2,25.7,105
14.9,26.1,107
14.3,29.5,118
14.3,26.4,93
13.3,30.4,59
11.8,27.4,107
14.7,29.8,86
13.7,26.0,101
13.7,28.2,106
15.1,27.2,118
14.5,30.4,80
13.8,29.0,79
15.0,28.2,91
12.0,28.8,91
16.5,29.5,133
14.4,31.3,126
13.2,25.1,107
12.8,25.4,90
15.5,26.0,87
14.1,25.7,95
16.8,31.0,102
13.6,27.6,95
15.7,27.0,116
14.9,27.8,112
15.9,30.2,87
13.0,25.8,112
13.9,28.9,98
13.9,26.0,112
11.4,23.5,97
12.3,27.2,100
16.7,24.9,146
17.2,24.3,91
13.2,30.2,61
16.9,28.2,129
17.2,28.1,112
12.5,25.3,113
13.9,27.9,57
16.0,24.6,98
16.8,27.1,123
13.5,29.7,127
17.1,28.9,115
13.8,22.6,89
14.2,27.4,102
15.7,29.7,102
12.6,24.0,98
13.9,27.0,106
10.4,25.8,101
13.7,31.6,109
14.2,26.9,91
14.2,21.8,105
12.7,28.6,77
14.6,28.1,101
15.1,27.1,125
12.0,22.5,105
15.5,26.4,112
17.6,29.2,114
16.4,20.4,76
16.8,31.7,96
15.9,25.1,88
11.1,28.8,82
15.6,32.4,107
15.1,25.8,114
17.2,26.8,110
12.1,27.1,91
14.1,23.9,85
14.2,27.4,77
13.1,25.2,62
13.8,22.6,78
11.2,27.1,81
15.4,24.0,116
16.1,29.5,88
15.8,23.5,82
11.1,31.0,77
14.2,29.4,114
15.5,24.1,104
14.8,25.9,80
15.5,30.7,112
15.9,27.8,106
19.1,27.1,125
13.5,32.2,111
17.5,26.4,96
15.2,29.6,103
14.5,29.7,97
16.6,22.9,105
10.7,27.1,96
15.9,30.9,101
15.3,30.3,107
13.3,25.6,107
15.8,26.0,114
13.3,29.8,107
12.4,29.1,120
16.2,31.3,67
14.8,26.4,106
14.3,29.9,98
17.1,27.6,101
15.4,25.2,115
11.7,26.9,128
14.2,27.3,72
12.5,29.3,63
11.5,32.1,83
13.7,30.3,104
16.0,28.7,80
14.2,22.6,96
12.7,30.1,102
16.1,33.1,116
17.1,29.6,115
12.1,25.4,99
15.9,28.2,86
16.7,28.6,78
13.8,24.7,108
16.1,28.4,89
16.2,25.7,106
12.7,28.1,85
11.0,27.6,115
12.6,25.4,114
17.0,32.8,83
13.0,25.4,132
11.2,28.4,125
13.0,23.0,107
13.0,23.4,78
12.3,27.6,70
15.1,29.0,98
17.4,24.7,101
12.8,26.6,119
16.0,26.9,84
17.0,28.5,67
13.1,24.9,110
12.1,24.9,107
14.7,28.2,119
14.7,33.2,108
14.9,27.5,79
13.9,26.3,96
12.1,29.5,92
14.9,27.8,102
16.1,28.3,109
17.0,30.2,87
14.5,27.1,96
15.4,28.3,98
16.2,24.5,101
15.1,23.1,93
13.1,31.5,108
15.4,27.0,115
14.6,21.9,72
14.1,26.7,102
13.4,26.2,121
13.5,29.4,125
16.0,25.0,107
16.9,26.5,93
14.1,27.1,120
14.9,26.0,97
14.9,30.0,102
16.7,22.6,93
13.7,27.6,117
14.0,26.9,102
14.0,22.5,85
15.5,25.1,97
18.6,25.2,80
14.0,25.8,100
15.4,28.6,103
15.3,24.9,132
16.0,25.7,116
11.2,27.6,96
16.7,22.8,102
17.1,30.3,109
14.1,26.2,101
15.5,28.8,115
11.3,30.2,75
14.6,27.0,102
15.9,25.3,107
12.4,26.2,105
17.0,25.1,89
14.8,23.3,105
13.5,25.0,116
15.1,22.7,120
12.3,30.4,131
15.8,25.8,96
16.5,29.1,91
13.7,22.5,105
12.3,24.7,105
13.5,25.0,85
15.9,26.7,86
15.7,24.6,96
12.7,26.5,107
13.0,28.4,83
16.4,25.9,80
12.6,22.0,107
11.7,25.6,106
15.9,26.9,105
14.6,30.3,90
17.1,29.4,112
11.9,28.1,119
15.4,26.1,96
14.4,27.1,86
13.6,26.7,72
14.4,31.3,91
16.0,31.0,80
14.1,27.7,110
12.6,25.9,115
13.1,24.7,86
12.9,28.3,85
17.6,28.6,118
15.6,22.9,105
15.5,25.5,108
17.1,25.5,94
12.8,27.9,99
13.8,22.7,131
16.2,27.2,81
13.7,28.5,121
14.2,27.8,114
16.8,28.7,103
12.1,25.3,77
13.0,28.5,99
16.5,31.2,86
15.3,26.4,91
13.3,27.9,122
12.4,26.0,117
13.2,30.1,89
12.6,25.0,84
14.0,27.1,116
14.5,29.5,142
16.1,27.0,93
15.3,23.6,126
13.9,26.9,95
16.0,27.2,97
16.1,27.5,86
11.3,29.7,112
15.5,29.5,113
13.5,29.2,105
15.4,30.2,103
17.2,29.8,91
13.7,25.8,95
15.4,28.8,77
11.8,22.6,81
14.7,28.9,88
12.2,22.0,95
16.5,27.8,93
11.6,23.8,106
18.0,28.6,111
15.9,24.9,103
10.7,21.3,80
11.3,24.1,86
13.7,25.5,105
14.6,27.3,106
14.1,23.7,114
14.7,26.8,105
13.3,29.9,88
13.4,29.1,90
13.3,22.3,81
13.0,24.9,100
18.7,29.1,92
15.7,29.3,91
14.9,26.6,76
17.9,27.4,91
11.8,27.1,81
16.5,24.6,132
14.1,27.6,91
15.5,27.1,106
16.8,23.8,96
12.6,28.3,113
15.5,25.6,88
15.7,33.0,104
13.7,27.4,100
15.3,23.0,97
15.5,29.1,67
13.4,27.1,112
12.5,26.6,106
14.8,30.2,96
11.0,27.0,118
15.1,27.5,90
11.6,25.7,111
14.5,29.5,112
13.9,25.0,75
13.8,30.2,99
15.4,27.5,95
14.4,25.8,100
12.8,31.7,87
13.8,27.9,117
12.8,25.2,121
16.6,25.9,100
15.1,28.8,101
11.5,28.2,79
14.2,27.8,118
13.8,26.2,87
15.5,27.0,94
13.3,26.6,75
11.9,25.2,83
16.3,29.1,94
11.7,28.6,80
14.1,25.0,100
13.5,26.7,99
18.8,26.2,94
12.7,25.6,100
12.1,23.6,109
15.7,24.2,86
13.2,29.0,105
14.7,21.7,90
13.9,23.3,101
16.8,26.7,108
13.0,26.2,100
12.8,27.1,70
16.0,24.0,79
14.7,28.0,63
14.6,28.8,89
14.2,24.6,79
14.5,26.0,79
13.6,34.4,92
13.6,23.9,103
12.5,29.6,112
11.4,24.2,135
15.1,29.0,112
16.8,24.6,117
14.9,29.7,93
12.6,30.9,84
13.3,25.9,101
13.6,29.1,114
16.3,26.2,91
13.7,28.2,109
15.1,29.3,84
15.4,24.8,109
14.9,26.2,74
15.6,25.0,132
11.9,29.4,96
13.2,24.2,96
14.0,31.3,123
15.3,32.4,100
15.5,28.6,99
12.8,22.1,117
13.4,28.7,94
14.5,25.9,98
11.5,22.5,69
15.3,29.8,115
16.9,25.7,82
15.4,23.9,101
12.8,27.3,108
15.7,27.8,107
13.1,31.5,103
14.0,31.3,91
13.8,28.3,83
10.6,27.7,103
16.3,32.4,80
17.7,26.6,85
16.2,26.4,115
12.3,26.4,108
13.6,26.4,95
15.3,26.2,92
14.6,26.9,120
12.8,29.5,95
13.6,26.2,85
12.8,24.9,123
17.3,33.6,84
17.3,25.5,118
14.1,29.0,119
15.7,30.1,104
13.4,25.7,94
11.2,29.7,92
12.9,31.2,108
14.8,23.7,113
13.9,28.1,92
15.4,24.7,101
16.4,27.5,106
12.4,27.0,96
13.8,23.9,120
15.7,31.8,93
15.0,30.4,99
17.3,34.2,104
14.2,20.8,95
13.2,26.3,96
15.7,26.6,118
14.9,27.4,117
15.8,26.6,72
12.6,28.4,81
14.8,26.2,112
16.7,25.9,114
15.0,26.4,92
13.5,29.7,111
13.7,28.4,82
15.6,27.8,97
15.5,25.9,91
14.0,31.3,121
13.8,30.8,120
14.3,24.6,107
13.8,20.9,121
11.3,32.4,88
17.7,28.9,101
15.9,29.1,107
12.9,26.8,95
15.8,23.1,113
14.1,30.2,81
15.3,27.1,112
11.5,31.8,112
13.1,24.5,76
12.8,26.9,108
15.1,22.1,114
12.0,27.3,129
12.4,26.2,82
13.6,28.5,106
13.3,21.5,91
12.4,29.3,111
12.1,28.3,99
13.9,27.7,99
15.3,29.4,103
14.1,24.9,119
17.4,25.8,91
14.7,29.3,93
15.1,28.1,89
15.7,31.3,128
13.0,27.6,115
14.3,28.8,89
16.1,25.3,105
13.9,26.8,116
16.3,26.8,85
14.3,20.6,88
14.8,30.9,94
14.4,29.1,81
13.6,25.4,118
16.1,28.2,116
15.6,28.3,90
15.7,26.6,140
16.4,27.5,97
16.3,26.4,108
13.9,22.8,81
14.4,30.7,96
16.5,28.3,82
17.5,31.0,92
13.9,26.3,97
13.3,24.6,86
14.0,28.1,117
16.6,26.8,108
12.7,28.7,81
15.4,25.2,88
16.2,28.0,113
12.4,25.8,81
11.0,27.6,104
13.6,28.7,86
12.8,23.6,109
12.7,27.1,104
13.9,28.2,107
15.6,28.5,81
12.2,28.4,105
15.1,27.3,127
16.0,28.1,88
12.7,27.7,93
13.1,27.2,70
10.6,29.8,103
15.8,25.0,126
14.9,28.0,83
12.1,32.4,63
15.9,28.4,80
16.8,24.7,112
16.4,27.3,114
12.9,27.9,102
17.1,24.5,115
11.2,24.4,80
14.5,26.3,88
15.4,26.2,113
14.7,24.7,89
14.4,25.1,101
17.1,25.4,113
10.7,25.1,94
14.0,24.1,83
12.1,25.6,104
13.6,24.5,114
16.5,26.1,91
15.6,28.5,85
13.2,29.7,107
15.1,28.2,92
13.9,32.0,81
15.1,30.0,108
10.8,27.6,128
13.1,25.6,80
13.4,22.3,101
16.2,23.2,120
12.5,29.2,91
14.5,29.0,97
11.7,28.6,128
16.7,30.8,117
11.9,26.3,105
15.2,22.7,78
15.1,29.9,114
15.9,28.9,79
14.3,29.2,97
15.9,27.1,66
13.3,25.9,110
11.8,30.3,114
12.4,28.9,105
13.5,27.5,118
18.6,29.2,105
13.4,22.8,127
16.2,25.9,80
13.4,28.7,92
12.4,29.7,114
12.2,27.3,115
12.7,30.8,87
16.8,26.5,86
14.4,28.4,121
11.0,27.4,109
12.6,24.8,103
13.8,22.6,77
10.9,26.6,105
13.2,32.7,119
14.3,27.3,95
15.3,29.3,125
14.2,27.1,102
14.5,27.5,117
11.4,33.2,124
14.8,22.8,100
15.6,27.7,75
11.0,27.4,103
14.6,29.2,143
15.2,27.8,99
13.0,32.5,96
16.7,26.1,83
13.5,24.8,101
16.7,28.9,97
13.6,30.6,106
15.0,28.3,107
15.7,27.6,93
14.5,27.1,102
12.5,25.5,96
15.5,24.3,88
15.9,25.9,88
14.2,27.1,115
13.1,31.8,96
18.0,28.3,87
13.6,29.9,104
11.5,27.0,115
11.3,26.2,92
15.7,27.4,106
14.3,28.0,101
14.9,27.2,123
14.8,22.5,129
17.2,28.7,70
16.1,29.6,91
16.1,30.0,72
13.1,27.7,102
13.9,28.6,107
12.2,26.1,98
17.8,27.5,121
16.6,26.0,121
15.6,26.7,85
13.2,30.6,99
13.1,28.1,113
14.1,24.9,119
15.7,27.2,110
17.2,23.5,69
15.1,24.9,101
11.7,28.2,111
16.4,26.4,101
12.5,27.0,77
14.4,24.9,84
16.1,26.9,89
15.6,27.5,104
14.7,29.2,87
16.7,26.5,132
13.7,27.2,102
17.3,32.8,75
13.3,25.0,99
12.2,26.5,97
12.6,29.6,85
14.1,30.4,72
14.2,29.5,97
12.0,27.3,109
12.1,30.1,81
13.7,30.0,125
15.7,26.7,85
17.2,26.4,88
16.3,25.2,105
15.7,30.4,106
11.7,25.9,109
13.6,29.3,87
13.5,30.7,123
11.4,27.8,78
16.5,30.8,118
17.8,24.3,91
12.9,24.4,88
15.6,24.3,88
16.6,22.7,84
12.7,31.7,91
13.6,29.9,75
13.0,27.7,95
17.3,27.4,119
13.4,26.0,97
15.0,29.5,92
16.7,27.6,99
13.6,30.4,84
13.8,31.1,120
16.0,29.7,107
15.1,30.4,90
12.9,28.8,70
16.5,26.7,114
13.2,24.5,97
14.4,22.7,109
17.2,23.4,106
14.0,30.5,74
12.3,26.5,104
14.7,28.2,89
12.4,23.5,92
15.1,30.7,102
12.3,25.0,114
12.0,27.8,87
15.2,26.6,115
10.5,28.1,117
18.0,25.7,112
13.9,25.4,105
14.2,26.9,99
15.0,28.4,104
14.5,29.1,96
12.2,25.9,122
12.8,30.4,116
13.6,24.4,88
14.0,29.9,83
14.0,23.9,98
17.4,26.8,110
14.1,26.5,113
11.9,26.6,103
12.8,30.2,114
15.6,23.4,75
12.8,27.2,102
15.8,29.1,106
14.2,27.5,78
15.6,27.2,90
13.3,25.6,112
17.6,31.8,98
15.1,29.6,130
17.3,30.9,112
14.2,28.9,105
17.6,31.4,101
12.6,29.0,90
12.4,33.1,109
17.2,26.5,101
15.0,27.6,73
14.3,29.7,114
15.4,23.5,109
16.5,23.4,107
10.6,26.1,95
15.3,29.3,123
14.1,28.1,100
14.1,27.1,106
13.5,28.2,95
16.8,28.4,107
14.6,28.0,126
16.1,28.0,85
15.8,26.7,98
17.8,23.5,103
13.3,29.1,94
14.4,28.9,86
14.2,25.5,98
12.6,29.2,106
13.5,28.6,97
13.5,20.3,81
13.7,29.2,106
13.9,26.8,97
14.7,26.5,85
13.3,25.0,97
11.6,23.3,98
13.2,28.5,125
12.7,27.8,104
16.1,28.9,93
15.6,24.1,83
12.3,28.3,85
15.2,29.9,86
12.6,30.6,97
15.8,25.3,93
18.2,26.8,91
14.0,27.8,99
15.4,26.7,104
11.7,26.2,98
11.6,28.9,83
12.7,30.7,120
15.4,26.3,102
14.4,30.3,134
13.6,28.5,100
16.3,22.1,111
13.9,29.0,107
13.6,25.0,108
16.7,28.2,91
12.5,28.7,96
13.7,27.3,91
14.1,25.5,107
13.0,21.9,114
16.7,24.0,94
14.3,26.2,83
15.3,25.0,65
16.1,26.4,108
16.1,29.0,124
14.1,26.0,111
13.2,28.5,103
13.5,25.7,110
15.2,29.0,84
15.2,25.9,103
13.2,26.2,101
16.8,22.8,70
14.5,29.8,103
14.1,25.6,92
11.6,26.7,77
16.1,27.8,96
14.8,27.8,90
12.8,25.4,97
16.8,29.2,120
15.9,24.9,75
11.2,31.6,128
15.7,22.0,73
12.8,27.5,114
13.1,29.5,111
16.6,33.8,89
14.9,25.1,109
16.9,28.2,94
11.5,24.4,79
13.6,26.1,101
16.2,26.1,87
16.9,28.7,127
14.6,29.8,85
12.8,26.2,82
15.2,29.1,91
14.7,24.3,102
15.4,28.9,115
14.1,28.5,103
16.7,26.8,106
12.6,22.8,93
14.6,21.0,91
16.1,27.3,113
13.9,28.4,95
16.3,27.5,90
14.0,23.5,123
12.6,30.3,66
15.5,30.5,94
12.3,28.1,79
13.9,23.3,99
12.7,28.7,96
14.4,23.4,87
14.6,28.1,118
13.2,28.4,124
17.2,31.7,101
16.0,25.9,91
17.2,27.4,97
11.4,25.1,69
13.3,27.7,98
13.4,32.2,102
17.5,29.5,104
13.5,28.4,110
14.7,26.4,122
14.9,24.3,118
13.5,24.5,112
16.6,28.1,68
14.7,29.4,74
15.1,28.1,116
13.6,29.9,109
13.0,26.7,92
14.1,27.0,88
12.5,29.3,91
12.1,26.3,95
14.7,26.1,97
11.3,25.8,118
14.5,26.4,82
14.9,24.1,120
12.5,30.8,108
14.6,28.7,98
15.8,30.9,80
16.7,26.2,90
16.3,26.6,97
13.7,25.7,122
14.4,28.8,83
15.2,31.2,92
14.5,26.0,84
15.6,22.1,86
13.7,26.5,90
16.0,25.4,99
15.7,29.4,71
14.0,25.7,64
17.4,26.9,73
15.5,29.2,92
13.7,32.8,90
14.1,28.0,106
14.9,29.0,92
15.1,29.3,79
13.8,23.9,117
14.7,28.7,118
13.6,33.8,102
13.7,23.5,97
13.3,23.9,78
16.9,28.7,114
13.4,28.6,87
17.8,25.8,78
14.5,27.4,84
16.2,27.1,86
18.6,27.9,108
16.2,30.1,109
15.0,27.6,108
15.0,26.5,87
14.1,23.9,114
14.8,28.6,100
15.7,24.0,102
15.5,26.0,93
18.0,28.4,112
12.9,23.5,79
17.0,29.7,115
12.1,29.4,100
17.2,29.2,118
13.1,25.2,101
13.4,27.9,104
12.4,25.0,96
13.8,30.5,100
15.6,30.5,92
13.0,22.6,122
13.4,31.7,110
12.6,26.7,123
11.5,28.3,92
12.4,28.1,104
15.1,27.1,96
16.8,24.8,116
13.2,28.4,83
14.8,25.7,130
13.3,25.2,90
16.5,25.9,88
12.9,25.7,101
13.1,30.3,108
15.3,31.4,103
13.7,23.2,83
15.3,24.3,114
12.8,25.3,91
15.9,24.5,103
15.3,25.6,122
16.2,29.7,101
12.0,28.3,102
14.9,24.8,106
14.0,29.4,104
16.8,27.0,88
13.2,21.6,111
15.8,24.6,96
14.9,28.3,104
13.4,26.5,88
14.9,25.8,93
15.5,24.5,86
12.7,24.6,128
13.3,28.8,75
15.3,29.3,103
16.0,26.3,129
11.6,25.6,99
17.1,24.6,90
12.9,27.6,91
16.7,32.3,116
14.0,30.3,119
14.1,31.6,108
14.9,32.3,112
16.2,28.8,90
13.6,32.2,79
17.7,35.0,113
14.0,28.1,90
18.4,28.8,92
11.5,24.9,80
13.7,31.3,102
16.5,26.0,109
15.2,30.7,113
17.0,28.5,103
13.7,25.2,77
17.0,27.6,109
13.9,28.5,98
13.1,29.8,91
15.4,26.1,75
13.9,29.0,95
11.8,25.6,69
14.3,26.3,92
14.0,26.9,85
12.8,31.0,128
12.8,27.4,111
13.9,27.2,105
14.5,28.3,103
14.9,28.8,89
16.2,28.3,104
15.8,31.3,103
16.9,28.9,91
12.9,26.9,95
17.5,26.5,82
12.2,24.6,113
14.5,26.4,103
15.7,26.9,104
13.3,30.6,111
13.1,29.5,105
15.7,26.0,78
17.3,28.0,97
16.5,31.0,123
13.4,27.8,98
15.5,30.0,98
16.0,26.6,105
17.7,23.8,79
16.3,32.1,92
19.2,27.8,81
13.8,30.1,127
14.7,25.2,91
16.5,28.6,132
12.8,26.4,113
15.0,24.1,67
16.7,28.6,104
14.5,28.8,85
16.9,26.2,111
12.9,28.9,95
13.8,31.1,114
17.4,30.9,121
15.6,27.1,88
17.2,29.9,107
13.3,29.3,107
14.4,29.1,81
13.4,31.1,100
15.7,29.1,84
16.4,29.3,95
19.8,25.3,79
10.7,27.7,113
15.9,30.4,95
17.4,25.6,91
15.2,26.7,76
12.7,32.0,109
13.0,26.6,83
14.2,28.4,99
16.2,27.8,113
11.6,25.8,94
16.6,26.4,86
13.5,25.8,84
13.0,26.2,93
15.0,28.2,81
14.2,29.2,66
17.3,30.5,103
15.0,24.6,101
12.3,25.1,82
14.4,30.4,60
17.1,25.5,101
16.3,30.4,90
11.5,30.7,104
16.9,28.1,100
12.0,32.0,114
15.9,23.4,104
13.5,32.7,108
12.5,26.3,94
15.8,29.5,98
13.9,29.6,102
15.7,25.5,97
12.4,30.9,87
15.6,28.5,91
15.4,27.3,90
17.3,28.2,101
14.2,25.0,101
15.1,24.8,106
17.1,25.9,94
14.9,26.0,109
14.8,26.9,117
15.1,25.9,89
15.9,30.0,115
17.8,30.3,116
15.3,27.4,104
17.3,28.2,109
12.8,30.3,111
11.8,28.2,110
13.8,24.8,88
18.2,29.9,107
12.8,24.3,114
13.7,28.2,108
16.7,30.6,133
15.8,26.9,102
13.1,27.4,111
15.3,21.1,86
13.3,32.1,115
17.1,26.2,118
15.1,27.7,94
13.6,24.7,78
16.7,28.0,93
13.3,31.3,89
15.4,30.4,107
16.3,24.3,89
17.0,28.3,125
15.3,25.9,123
14.7,29.2,109
15.1,28.2,91
13.1,26.6,103
15.1,29.9,85
12.3,28.5,90
14.3,27.5,111
15.8,30.5,99
15.0,32.0,115
13.2,28.1,123
15.2,27.2,103
14.8,25.2,103
15.6,28.5,93
13.8,26.8,89
14.7,28.9,97
15.0,25.1,103
15.0,28.1,108
15.1,26.4,100
15.4,30.7,102
13.7,25.9,115
16.3,29.4,119
15.1,25.0,103
14.4,26.3,115
17.1,29.3,93
14.6,33.1,95
13.8,29.9,86
13.2,26.5,76
14.3,28.0,100
13.4,30.6,83
14.3,26.2,92
12.8,25.7,117
14.1,25.2,91
14.6,28.2,107
14.2,24.5,115
13.8,24.3,136
14.5,26.5,111
15.8,27.9,91
15.4,26.6,76
16.2,25.8,97
12.2,28.1,86
14.8,28.6,117
16.6,26.7,104
16.0,29.2,99
14.1,29.5,71
16.0,27.1,92
14.0,25.7,106
14.4,26.9,111
15.7,28.2,73
15.1,30.3,130
14.2,25.7,76
12.1,26.7,77
10.1,29.7,129
15.3,21.6,104
13.5,26.9,119
10.8,28.8,81
12.0,28.1,88
15.0,27.2,78
17.2,28.2,115
14.4,31.2,102
15.1,24.3,102
14.3,25.3,81
16.8,26.5,116
15.8,25.6,96
16.6,31.6,110
12.7,22.5,97
12.6,25.4,110
17.1,27.6,69
14.8,24.4,99
13.6,31.5,88
13.9,28.7,116
10.9,26.7,94
16.2,24.3,114
16.5,24.3,88
16.8,27.9,88
15.8,26.7,100
13.1,32.9,107
15.5,27.7,101
13.1,26.3,81
16.8,29.5,100
14.6,26.5,125
12.9,25.5,139
16.9,23.8,84
14.5,26.4,87
15.3,28.6,83
12.5,29.7,127
16.2,27.9,74
11.3,28.2,94
12.1,26.8,90
16.3,26.7,88
16.9,23.2,110
12.4,25.4,108
11.0,25.0,86
15.7,26.2,115
17.8,28.4,88
12.0,27.2,104
12.6,26.5,89
14.5,33.4,99
11.7,26.4,106
15.2,25.9,89
12.7,28.9,85
13.1,23.7,106
13.7,24.4,100
11.4,25.7,120
15.8,23.1,117
15.3,27.7,97
12.7,28.9,124
15.8,27.5,100
15.3,25.0,113
14.8,33.4,103
18.5,25.7,126
14.8,28.3,85
17.3,32.6,117
16.5,25.7,88
15.2,25.0,112
13.8,29.2,112
17.4,28.1,88
11.2,27.6,133
12.7,27.2,99
13.5,28.2,106
16.1,30.0,111
14.1,28.5,78
12.0,26.2,88
16.6,28.0,90
15.5,28.4,110
16.2,27.2,102
12.9,29.5,106
14.7,22.7,77
15.6,31.3,97
14.6,30.7,102
15.1,25.3,78
15.1,29.4,88
15.3,24.0,105
12.1,29.0,117
16.2,23.8,83
13.0,28.3,81
12.9,29.3,79
13.3,25.5,119
14.1,29.0,118
14.5,25.1,116
14.5,26.3,95
14.7,27.1,94
14.9,30.3,107
17.0,28.1,109
14.9,26.7,100
11.9,29.9,94
16.4,29.4,106
17.4,22.9,78
14.3,27.0,86
16.2,24.1,97
14.3,25.9,128
12.5,28.8,102
14.6,25.8,100
17.0,25.4,123
15.4,27.7,106
13.6,28.8,122
14.6,29.8,110
14.9,23.7,96
13.0,29.3,80
14.7,32.0,113
13.9,27.6,108
13.2,25.9,94
14.2,28.4,83
14.5,24.8,95
15.1,29.2,112
13.5,30.5,115
12.0,30.9,83
12.7,29.5,114
13.8,26.7,123
15.9,26.8,103
15.9,30.8,93
15.6,26.5,90
15.9,28.5,78
15.3,26.8,123
15.3,28.2,78
13.0,27.4,104
14.2,26.3,107
15.4,27.2,114
14.4,27.9,104
12.9,26.8,84
15.6,30.2,116
14.9,27.5,115
17.2,27.5,90
17.0,29.8,95
17.5,27.3,114
14.6,26.3,106
14.5,24.5,89
11.6,22.3,107
11.8,31.1,87
16.3,29.0,122
12.7,26.3,91
11.9,25.0,127
14.3,28.1,97
12.8,31.1,84
15.1,29.1,105
16.5,25.4,90
15.2,32.2,116
13.2,26.0,108
13.3,27.0,88
13.7,24.5,100
14.7,25.9,94
13.9,24.7,111
18.9,26.4,109
14.2,29.4,133
16.1,28.8,102
14.3,26.0,109
14.3,24.9,97
14.1,30.8,92
14.4,29.7,99
14.4,26.0,105
15.0,29.0,116
16.1,25.0,128
13.0,30.9,84
14.8,31.9,98
16.8,25.6,125
12.3,25.5,83
13.3,30.0,91
16.1,29.6,120
15.4,26.4,85
16.1,24.3,100
16.4,26.9,66
15.1,27.7,117
12.2,30.3,109
11.9,25.8,86
16.2,29.9,102
15.9,30.4,96
16.3,26.8,96
15.6,30.9,87
16.4,26.6,92
16.7,27.7,120
13.2,27.7,103
15.5,34.5,83
12.1,29.4,115
11.3,31.1,94
16.0,23.2,104
11.4,29.5,85
13.5,23.6,71
12.1,27.8,101
14.0,30.3,116
11.6,28.1,64
16.4,25.4,97
15.5,30.9,77
15.0,22.7,87
11.7,26.7,92
11.1,26.1,107
11.7,30.7,95
13.6,24.5,116
16.0,25.6,80
12.5,26.4,77
12.9,26.5,105
15.6,26.5,77
15.5,30.6,83
16.1,30.2,103
14.9,24.6,105
12.9,27.1,105
13.9,28.0,101
15.8,28.7,96
13.7,27.5,89
17.0,24.8,98
14.3,27.2,88
16.9,28.0,92
12.1,28.6,117
14.9,26.7,97
12.9,26.3,101
15.1,30.7,65
15.9,28.4,78
16.4,29.4,108
15.9,26.2,124
18.6,28.4,88
11.2,27.1,96
11.1,26.4,113
16.2,29.7,104
16.9,22.6,75
9.6,28.6,108
17.3,30.1,84
13.3,23.4,85
14.5,27.3,93
13.1,26.5,96
14.8,27.4,88
14.0,30.3,98
15.2,25.2,70
17.5,29.1,85
17.0,26.7,86
14.2,27.6,93
14.3,25.7,86
12.9,28.6,121
12.4,25.4,89
15.3,28.7,103
15.7,23.5,96
11.7,31.3,78
14.6,31.4,110
15.9,28.7,88
13.5,25.1,88
12.4,30.4,94
12.8,26.6,77
16.7,25.9,109
14.4,25.8,107
12.7,28.2,121
14.6,28.3,112
13.2,25.8,71
15.5,27.4,101
16.4,31.4,83
13.7,28.3,106
13.9,23.8,103
14.8,26.2,142
14.5,25.5,120
16.1,28.1,98
16.8,26.9,87
14.7,27.5,101
15.3,26.9,116
11.7,33.0,121
14.2,30.0,87
14.5,25.0,117
14.4,23.0,103
14.9,29.6,131
13.9,28.7,75
15.4,29.6,90
16.9,26.8,109
15.1,27.8,122
12.0,29.4,119
12.8,28.9,82
13.4,29.3,112
12.5,28.4,87
16.9,33.6,92
13.1,26.0,95
19.3,30.8,92
16.6,23.7,105
16.2,23.1,80
14.1,28.5,106
15.2,28.6,109
16.9,27.7,107
13.9,29.8,119
16.2,26.8,99
13.8,26.9,92
13.3,26.2,80
15.3,31.3,100
14.2,27.0,100
14.8,30.4,98
14.4,28.8,113
14.8,29.9,92
15.2,26.3,117
15.9,27.7,81
12.6,24.8,77
17.0,25.1,108
18.7,29.9,98
16.2,27.6,124
11.2,30.0,103
14.4,30.3,95
13.3,30.4,83
10.5,29.9,101
15.4,28.1,88
13.2,25.4,90
12.7,27.9,114
14.7,26.3,91
16.3,24.8,96
13.9,24.7,100
14.0,25.2,89
13.3,28.6,110
15.9,29.1,134
15.1,29.7,100
12.8,25.6,104
17.5,27.5,100
14.2,29.6,69
14.4,25.1,91
14.5,28.8,112
16.3,27.1,113
14.7,30.2,105
13.8,28.1,120
15.3,27.1,117
12.8,28.4,117
13.6,26.9,79
11.5,28.1,95
14.4,30.9,100
13.7,24.8,96
12.3,22.2,118
14.8,25.4,93
14.6,27.5,105
13.0,23.0,92
15.6,26.7,117
16.3,25.5,106
11.4,26.1,118
12.0,30.7,120
15.1,23.9,84
13.5,28.4,97
13.1,23.7,98
15.1,30.6,95
15.7,27.7,86
16.1,31.2,108
16.7,29.2,91
12.1,28.8,121
14.0,29.5,82
12.7,27.5,114
17.3,24.4,92
15.9,25.1,99
13.4,26.6,108
11.1,24.8,109
14.6,26.3,101
13.7,28.1,117
15.5,31.1,99
13.5,29.7,110
15.3,28.2,109
14.8,25.9,92
12.1,26.9,106
15.2,27.2,91
11.8,26.5,100
14.8,30.3,137
14.0,26.2,111
16.5,27.3,91
12.8,25.9,92
18.0,25.1,75
11.4,28.5,121
17.0,23.1,95
14.3,25.5,97
15.6,28.3,84
17.0,27.7,116
14.6,27.6,81
15.9,24.5,93
16.9,29.9,102
16.4,31.8,106
12.3,27.0,92
11.3,28.1,71
15.1,27.4,83
15.7,27.5,108
13.4,26.1,102
15.8,25.3,128
12.8,27.4,63
13.8,25.8,71
17.0,29.5,72
16.0,28.3,119
16.0,27.4,115
14.9,26.3,131
16.0,30.7,94
15.3,29.9,116
16.6,27.3,99
16.4,31.2,81
15.3,29.5,84
12.5,26.8,105
16.4,27.9,109
15.5,25.9,92
13.8,30.4,81
15.9,32.6,133
12.1,25.0,97
13.8,26.1,114
15.8,28.4,115
9.1,24.5,87
12.5,26.1,76
15.7,33.0,117
13.3,25.0,98
18.7,24.8,81
15.4,28.3,111
13.4,23.8,124
11.5,27.2,74
17.2,25.9,72
13.9,27.4,106
11.9,28.0,95
13.5,30.0,86
13.4,27.6,98
17.1,22.7,109
14.2,27.2,89
14.8,26.1,104
15.0,26.8,90
16.2,31.6,100
10.6,30.3,95
13.1,30.9,96
13.7,29.0,83
14.2,27.9,84
16.0,31.1,76
12.2,24.9,100
16.4,29.1,112
15.0,27.4,87
14.9,27.5,58
13.3,30.7,77
13.3,24.7,108
13.1,23.5,123
14.0,24.1,75
14.3,30.5,101
14.8,26.0,102
14.1,28.5,79
14.5,22.9,86
13.4,24.7,106
16.4,23.2,113
12.0,28.4,92
17.1,25.3,90
14.5,27.6,107
12.9,26.6,99
17.9,27.1,95
16.8,31.3,113
16.9,26.5,136
16.3,24.2,87
14.2,28.7,96
13.6,23.3,99
16.8,30.8,95
17.1,29.4,105
11.0,27.0,107
14.9,29.6,87
16.2,28.2,102
13.3,31.1,101
15.0,31.2,91
15.1,26.1,80
17.9,25.9,116
12.8,26.8,100
16.5,30.0,104
11.5,29.0,112
12.5,33.5,84
15.8,31.8,137
13.2,23.8,113
13.9,30.4,68
12.9,28.2,103
13.1,25.6,118
18.2,28.0,106
16.2,25.9,94
14.9,30.2,71
16.4,31.4,123
14.5,27.2,113
17.2,28.8,107
11.8,30.9,117
15.1,28.7,104
14.4,27.7,118
14.3,28.8,112
11.7,23.4,106
13.1,27.6,65
12.9,27.5,94
16.7,32.1,109
13.6,25.5,75
16.4,28.9,99
15.9,29.9,91
16.3,30.7,122
15.9,28.7,71
11.4,28.7,91
16.5,27.4,82
14.4,28.0,102
15.4,23.9,73
13.1,29.9,110
14.5,31.3,100
15.7,30.5,105
12.4,24.4,84
16.4,28.5,98
14.4,29.4,101
11.2,27.5,108
14.7,28.8,90
16.1,31.2,135
14.6,27.7,99
12.6,30.2,92
13.3,28.4,76
14.5,30.5,117
16.2,24.5,95
13.7,25.5,114
15.8,30.7,95
13.3,24.2,88
16.0,25.5,117
14.6,26.9,105
14.4,26.7,94
15.2,29.2,117
11.9,28.2,73
13.6,29.9,121
15.1,28.4,110
18.7,22.6,101
12.1,27.0,94
14.6,28.8,94
15.0,27.6,95
16.6,20.8,100
14.1,29.0,116
13.3,29.3,122
10.8,26.5,83
15.5,27.0,64
13.6,27.3,80
12.5,28.3,77
14.5,28.3,125
11.2,28.7,115
15.0,28.9,105
17.4,23.8,117
14.0,28.6,127
15.5,27.6,140
17.1,30.2,100
14.2,27.5,105
10.8,27.8,125
15.0,24.3,71
12.5,28.7,86
15.1,27.5,97
17.3,24.0,88
15.0,29.3,111
14.9,28.3,83
12.5,27.0,107
15.4,27.6,90
13.9,27.4,99
13.6,29.4,99
16.5,29.4,97
16.0,26.3,101
16.2,30.0,77
15.0,22.6,124
18.3,31.2,91
13.0,23.7,121
12.4,27.1,70
14.6,26.3,83
12.8,32.2,104
13.6,29.5,103
9.4,28.1,125
15.7,26.7,89
15.9,24.3,83
12.7,28.7,95
14.2,27.4,127
16.4,30.7,81
13.4,25.8,93
15.8,25.4,79
12.6,29.6,100
14.2,26.1,112
13.4,23.2,96
12.9,29.7,102
15.1,26.8,82
14.1,26.6,103
15.9,23.9,115
17.7,28.2,107
12.7,27.7,92
12.9,28.9,91
14.6,29.9,110
14.5,25.6,104
11.7,26.9,96
15.5,31.3,103
14.4,25.8,90
14.8,31.5,119
17.7,27.9,102
14.6,30.5,86
16.2,27.3,102
13.0,30.2,75
16.7,30.2,135
16.5,26.7,102
16.7,27.2,111
12.1,26.1,112
12.0,27.4,91
11.3,30.2,114
14.1,32.5,77
17.3,23.3,113
12.8,26.6,89
12.8,27.1,110
14.6,23.4,86
14.6,31.8,97
13.1,24.5,127
14.5,26.5,99
16.9,28.5,80
17.4,27.4,90
15.2,25.1,96
16.5,25.0,86
11.8,30.9,106
14.5,33.5,116
15.4,25.4,92
15.2,24.1,126
12.6,29.0,113
17.0,27.3,74
15.1,27.5,93
15.1,29.4,121
16.0,26.9,102
17.9,27.4,76
12.6,30.5,95
19.3,30.7,92
16.0,27.0,95
13.2,28.1,87
13.8,27.9,85
16.5,26.0,86
14.3,27.5,98
16.4,28.5,121
16.5,29.1,94
16.8,25.0,87
11.3,19.9,103
11.8,26.0,99
13.5,31.1,80
18.3,29.8,107
15.8,30.7,110
18.2,27.2,84
12.6,27.6,88
15.4,26.6,109
17.3,29.8,98
13.8,26.3,129
15.3,27.4,110
14.1,26.9,114
13.6,24.8,107
16.1,29.8,85
12.0,25.2,75
15.0,26.1,134
11.3,24.5,89
10.7,26.6,77
13.3,26.7,112
16.2,25.3,116
14.5,27.0,105
12.8,31.1,114
12.8,33.4,100
13.0,28.0,99
11.5,23.6,88
14.2,25.9,125
15.2,27.3,101
15.4,24.9,136
15.0,28.3,103
12.6,23.9,82
12.4,29.6,103
17.2,27.2,93
17.3,27.4,87
13.2,32.1,122
14.7,26.5,86
14.9,30.5,101
15.5,25.6,110
11.3,27.8,95
13.0,29.5,102
16.3,27.9,109
14.2,26.5,81
12.4,27.1,95
15.5,28.8,133
12.9,27.9,114
14.0,26.7,86
15.1,27.0,107
17.0,30.2,95
13.8,25.4,107
14.4,28.0,97
12.9,30.5,106
12.4,27.0,101
14.7,28.0,113
15.5,30.4,81
14.9,26.2,104
12.7,25.2,87
11.8,27.8,117
14.0,28.1,106
13.8,29.8,122
13.5,27.7,105
12.6,26.0,71
13.8,27.0,109
13.9,28.8,106
15.5,27.3,106
12.2,30.7,112
14.0,26.4,101
11.0,29.6,94
12.8,29.8,121
14.3,27.7,78
15.4,24.3,100
10.9,27.3,84
14.9,27.9,85
17.0,28.7,101
14.1,27.4,125
16.7,23.4,103
18.2,23.7,88
16.0,31.6,120
14.7,28.0,114
15.7,28.3,105
15.6,27.4,96
15.2,30.2,112
14.1,28.7,96
15.8,26.9,74
13.8,24.9,95
16.0,26.2,107
12.5,31.3,84
17.0,30.6,104
13.2,29.4,110
14.9,28.6,82
18.3,25.2,108
13.1,30.1,102
17.4,26.6,90
12.8,25.8,84
16.4,31.7,106
16.5,28.0,86
14.5,27.9,80
13.5,25.9,125
13.0,24.4,122
12.4,25.6,102
16.3,27.6,114
11.3,23.9,127
12.4,30.3,102
12.9,29.9,112
13.1,26.6,109
12.9,27.5,102
12.7,28.7,76
12.5,23.8,61
13.7,27.5,81
16.0,28.4,96
11.8,28.1,105
16.1,24.6,89
14.9,24.8,86
12.5,33.0,96
12.3,25.6,83
15.5,26.8,86
12.7,29.4,89
16.7,26.3,109
16.0,30.1,83
14.5,23.8,110
14.2,23.0,107
13.8,25.8,96
14.0,24.3,99
11.9,24.4,72
14.6,25.8,89
17.1,34.3,116
15.6,28.6,101
12.4,28.3,71
14.6,30.3,81
14.9,26.3,100
14.5,24.4,119
10.8,22.8,81
14.3,27.5,102
16.7,31.1,121
16.5,27.7,104
15.2,26.9,101
15.6,26.3,71
15.7,28.0,84
15.3,26.9,106
13.2,26.9,117
16.9,30.8,118
12.1,25.6,75
15.8,27.8,101
13.5,27.2,79
12.1,23.0,83
13.4,30.7,127
13.1,31.5,91
14.9,31.0,95
15.6,27.7,87
15.0,27.9,94
15.0,20.9,83
17.5,29.2,131
14.5,28.6,110
15.6,25.6,121
14.9,24.5,96
14.6,28.4,101
16.5,22.5,77
11.7,26.9,81
15.4,31.2,115
12.7,27.5,90
14.2,28.5,122
12.7,28.2,94
16.3,27.1,99
13.8,29.2,108
15.8,29.6,92
15.4,23.8,98
14.1,26.0,107
15.0,25.2,106
12.4,29.5,120
14.8,26.5,101
14.5,28.6,104
12.0,27.8,113
11.1,24.2,80
18.1,29.1,116
13.7,27.2,108
16.7,24.4,119
13.3,24.8,112
15.3,26.3,93
13.2,29.4,89
10.7,25.6,100
15.7,25.7,104
16.9,25.2,82
15.1,26.3,82
16.0,31.0,80
13.4,30.4,103
14.9,29.8,121
14.1,26.2,79
14.5,27.9,83
15.5,31.9,114
14.0,30.6,80
13.6,32.1,88
16.2,24.3,68
14.2,27.0,81
16.8,24.8,80
15.7,26.2,94
14.6,28.1,109
16.1,26.2,88
17.0,28.8,85
13.1,33.8,78
14.5,31.7,119
15.6,30.1,100
12.8,25.4,78
16.0,28.2,77
14.3,24.8,85
12.3,29.9,101
14.9,30.1,95
12.7,29.4,93
14.6,23.7,135
18.2,26.5,84
14.7,23.5,112
20.3,25.4,87
15.4,27.9,95
13.1,23.4,88
13.8,24.0,106
13.3,28.0,106
17.1,23.7,69
15.1,26.0,98
11.4,30.5,108
16.7,26.8,90
13.6,30.5,111
11.8,25.1,100
10.4,30.7,97
18.0,29.9,100
15.5,20.7,93
16.6,24.1,142
15.8,28.5,101
14.7,28.3,117
14.8,26.1,93
14.8,26.6,110
13.1,28.9,113
14.6,25.2,118
13.5,26.2,81
17.0,24.4,120
14.9,30.3,101
13.8,30.9,86
13.4,24.1,114
14.1,25.7,87
13.3,28.6,104
13.8,28.9,120
16.8,24.5,104
13.0,24.8,88
14.4,27.1,129
14.4,24.6,118
17.4,27.6,109
11.3,26.2,122
14.6,24.6,103
14.8,24.4,114
11.8,28.4,116
14.7,27.1,102
12.5,25.8,87
15.2,27.9,76
16.0,26.6,137
17.7,28.6,107
16.8,27.9,107
12.2,31.0,60
14.6,30.2,110
12.6,29.4,82
11.6,25.4,101
14.5,22.3,70
14.1,25.5,88
11.9,30.1,92
14.7,25.8,117
12.3,29.7,126
16.3,27.4,86
16.0,26.7,121
16.7,30.1,107
16.4,33.6,96
13.9,26.9,95
